0.30936305
0.2521187
0.25996935
0.2596213
0.23019525000000002
0.26061095000000006
0.2530186
0.29125474999999995
0.28161255
0.22210614999999997
0.24078739999999996
0.31466895000000006
0.33963279999999985
0.28649414999999995
0.30237895
0.293063
0.26954354999999997
0.37100795
0.3318973
0.30778925
0.33036085000000004
0.26838434999999994
0.31346905
0.29267515
0.307416
0.35288935
0.3822098
0.31496240000000003
0.2551786
0.26656559999999996
0.26764355
0.33294409999999997
0.2773826000000001
0.24132884999999998
0.24758845000000002
0.24529199999999998
0.25871394999999997
0.2914772
0.27513845
0.2695059000000001
0.2911572499999999
0.24923335
0.27322925000000003
0.24103524999999992
0.2653087500000001
0.25084375
0.2641211500000001
0.2593742
0.2633125
0.30161380000000004
0.2698411
0.2794209
0.27631474999999994
0.23319235
0.24722484999999997
0.2666343
0.253837
0.26850999999999997
0.26329205
0.2623246
0.26769339999999997
0.2549823
0.25585965
0.22583399999999995
0.23022969999999998
0.2295035
0.23780370000000003
0.23036125000000002
0.2778054
0.24379460000000003
0.24297104999999997
0.29914279999999993
0.27762454999999997
0.21936255
0.30551765000000003
0.24772335
0.2671168
0.2450270999999999
0.47218425
0.29240794999999997
0.44529874999999997
0.7833121499999999
0.5088310999999999
0.6783347499999999
0.6169645
0.45723994999999995
0.5209438000000001
0.32473405
0.8148531
0.7723263000000001
0.8082381
0.8432157
0.3892273
0.8289719
0.7063699999999999
0.4724161499999999
0.36828894999999995
0.48120149999999995
0.7367134
0.6846307
0.6312599000000001
0.3641434
0.8321818000000001
0.6430102
0.58815595
0.80712535
0.8118726999999998
0.8402607499999999
0.8104212000000001
0.73105795
0.40668505
0.7722578
0.4662618
0.3726009
0.4436987000000001
0.36696615
0.32651870000000005
0.2947423
0.40656135000000004
0.3660589999999999
0.32911799999999997
0.35600975
0.5648746000000001
0.31845
0.8194397
0.7416638499999999
0.82507085
0.73963205
0.7081008000000001
0.7774221500000001
0.5317377500000001
0.5145009
0.7686325999999998
0.7293974
0.6066916499999999
0.8701653
0.57901575
0.5973291500000001
0.30688115000000005
0.7408565
0.5928894
0.42914149999999995
0.38143825000000003
0.5192114499999999
0.5000047999999999
0.25853375000000006
0.8315534999999998
0.6649623
0.68071675
0.8111951500000002
0.5149680999999999
0.8670389500000001
0.5823237000000001
0.7464291000000001
0.5192287
0.47055305000000003
0.6867831
0.6952237
0.61255435
0.8046053000000001
0.7956630500000001
0.5987703499999999
0.87047415
0.8196540499999999
0.3417640999999999
0.57949215
0.8327029499999998
0.61680305
0.8190919000000001
0.6823018499999998
0.7893372000000001
0.33437940000000005
0.47307485000000005
0.7608702499999999
0.8328786499999999
0.5999620000000001
0.6432171999999998
0.8549395499999999
0.8418665500000001
0.8306239
0.7514903499999999
0.5360879000000001
0.8512027999999999
0.40257740000000003
0.8834668999999999
0.7968664500000001
0.4939818000000001
0.6763608
0.5191026
0.8627039999999997
0.8632815
0.8474504499999999
0.8293221000000001
0.8889311500000001
0.5213550999999998
0.64727845
0.5196557
0.8239594999999997
0.30866925
0.5820676
0.30944755
0.50856955
0.49009939999999996
0.66723445
0.40345899999999996
0.6277362500000001
0.6983079999999999
0.56411695
0.8003213500000002
0.5206253000000001
0.778697
0.6716796000000002
0.6902577999999999
0.6320889000000001
0.5050435
0.6337531999999999
0.8689114500000003
0.8935457500000001
0.8067066500000001
0.6637765
0.4660253000000001
0.830058
0.45755229999999997
0.8878587
0.5374923
0.3148760499999999
0.6805566
0.8255248
0.6177918000000001
0.8015074999999999
0.8368080499999999
0.7175623000000001
0.7999857000000001
0.8434871000000002
0.67117925
0.6791707000000001
0.6400486999999999
0.7945594
0.7882515999999999
0.6351221
0.8486217500000002
0.7290455499999998
0.8323074500000001
0.8405766499999998
0.8352298499999999
0.80390175
0.8140656
0.74333345
0.8052050000000002
0.7985984000000002
0.5386190500000001
0.8217852999999999
0.8597765000000003
0.77708075
0.42014755
0.7258158
0.8693789500000001
0.5309270500000001
0.9316403999999998
0.8850610499999998
0.78016365
0.9219160000000001
0.89839745
0.5231217000000001
0.7549067500000001
0.5900748499999999
0.79733005
0.60401985
0.8126678
0.6930259000000001
0.7442150999999999
0.65946965
0.8599515999999999
0.6950941
0.7423255499999999
0.6974592499999999
0.8767618500000001
0.8325541499999998
0.89808915
0.8849970999999999
0.8774664
0.9210482999999998
0.5848825
0.70747945
0.89046655
0.6479853500000001
0.6349703999999998
0.6638002000000001
0.60505315
0.9025816000000001
0.8859659500000001
0.9225545
0.90847645
0.8229455999999999
0.90364305
0.92802995
0.9053877499999998
0.9016204499999999
0.8657387999999999
0.6236592
0.8044826999999998
0.88763375
0.7704933
0.6775111
0.8904846000000001
0.5790315999999999
0.8454655499999999
0.89549225
0.9233910000000002
0.8828317
0.9027591999999997
0.8808987499999998
0.84917315
0.91725045
0.8980004999999999
0.8888503499999999
0.8799003500000001
0.8808662
0.8742105000000002
0.8713083499999998
0.6488350999999999
0.760146
0.7928038
0.81900075
0.49976914999999994
0.8222724999999999
0.7719418500000002
0.73305345
0.5044519000000001
0.8042443
0.8046696499999999
0.5068308000000001
0.54317735
0.8468933999999999
0.8552574500000001
0.7585249500000001
0.7928951500000002
0.8564830499999999
0.52548055
0.83905155
0.8429640500000002
0.8988840999999999
0.8601113
0.9260460499999997
0.9040424499999998
0.7154817
0.9132226000000004
0.7035254000000001
0.7465601499999999
0.9061264
0.8576660500000001
0.8343138999999999
0.8954120000000003
0.9179479500000001
0.6881957500000001
0.8276707999999999
0.8440072000000001
0.8651707999999999
0.9220571999999999
0.70123095
0.9101560000000001
0.83944415
0.8817995500000002
0.90691185
0.9204098999999999
0.8937414
0.921089
0.8288293500000001
0.9083196000000001
0.9251460999999999
0.8989411
0.9061144000000001
0.8788883500000001
0.9136553999999999
0.9119983000000002
0.8931099999999998
0.8960118500000002
0.9205536499999999
0.7218083
0.84803355
0.7377877000000002
0.5768289
0.50105585
0.8680785999999999
0.8147325499999999
0.7853484500000001
0.8833410500000001
0.8425123000000001
0.7696165
0.7812832000000001
0.8493449999999999
0.6185630499999999
0.58749835
0.8682149499999999
0.5557084000000001
0.8015703999999998
0.9254332499999999
0.7282173000000001
0.9190791
0.8636107500000001
0.8866203500000001
0.9053954000000001
0.87709855
0.9254284
0.8287077500000001
0.9071911500000001
0.9175012499999999
0.8970492
0.8822935000000001
0.6460355499999999
0.7458253499999998
0.8357897
0.89458465
0.9170256999999997
0.9047569
0.8539980999999998
0.8558292499999999
0.75723705
0.6772074
0.53825615
0.92600135
0.6251344999999999
0.8493787500000002
0.7777246000000001
0.8878769499999999
0.6015315
0.8183845999999999
0.8715698999999999
0.73670685
0.8241037500000002
0.8797594
0.9013057
0.7180861499999999
0.46134925000000004
0.91201305
0.6648412499999998
0.8006189499999999
0.8919091500000003
0.7947271999999999
0.7931261000000001
0.8847322500000001
0.8274934500000001
0.9106262
0.9283751
0.8419673
0.8891391499999999
0.8743941999999999
0.7790760000000001
0.7427242
0.55712525
0.8412625
0.53946035
0.8457461999999998
0.7780565500000002
0.9132935999999999
0.5046332999999998
0.8866239000000002
0.8956369499999999
0.8762998999999999
0.85041285
0.9115676
0.8139752
0.7471430000000001
0.7792002000000001
0.8717798
0.8518252000000001
0.902838
0.8647121999999998
0.6529718499999999
0.8462468499999998
0.6253354499999999
0.7004216999999998
0.90324755
0.7660978
0.8749165
0.83153945
0.8230509500000001
0.9015099499999998
0.8320089500000002
0.8769036000000001
0.9159618999999999
0.9024870499999998
0.90683805
0.6090444999999998
0.8865768499999997
0.8124291499999998
0.8820074
0.9156015500000001
0.9290212999999998
0.9004905000000001
0.8938209
0.8967729500000001
0.9032795
0.6001476000000001
0.76520035
0.46695429999999993
0.5671066
0.91455535
0.9156104
0.47697635000000005
0.8091445500000001
0.72111835
0.7883807
0.5671226500000001
0.651835
0.8726194000000002
0.8784194
0.7700463000000002
0.71824555
0.8493831500000001
0.8886482500000001
0.87969755
0.9042014499999999
0.9117187
0.79577125
0.91938405
0.8709583999999999
0.9306783500000002
0.9088768
0.9144246500000002
0.9188014499999999
0.9117082500000002
0.8984721499999999
0.8869031999999999
0.90547925
0.7883883
0.6003351499999999
0.8902680500000001
0.85661445
0.5272768999999999
0.73502065
0.87665325
0.8880019499999999
0.87006925
0.7422608999999999
0.8358907999999999
0.7227357499999998
0.85526575
0.8373399499999999
0.8346099500000002
0.9068223499999999
0.8982037500000002
0.8994309999999999
0.7513924
0.8905786500000001
0.8146563500000003
0.83514375
0.7411608000000001
0.8747106500000001
0.8830077500000002
0.6111834999999999
0.8928776500000002
0.57152555
0.7089930500000001
0.5608192
0.9096281999999999
0.82964945
0.8876109
0.68893215
0.8352991999999999
0.8005072500000001
0.5237962999999999
0.8774542999999998
0.7034504499999998
0.7391385500000001
0.7928133500000001
0.6565550499999999
0.8877188500000001
0.8888756499999999
0.8738607500000002
0.8394292500000002
0.9169406500000001
0.92340135
0.88662445
0.9228363499999999
0.9196398499999999
0.8091069
0.7992071000000001
0.87200915
0.8644553999999998
0.8005812999999999
0.8881646
0.8293090000000001
0.8264825499999999
0.57278655
0.8961181499999998
0.87097675
0.567153
0.7707508999999999
0.6270203000000001
0.8360860999999999
0.8605386000000002
0.6458935
0.9189754000000001
0.9036184000000003
0.9012138999999999
0.86937125
0.8741621000000002
0.8919539999999999
0.9302162999999999
0.9145318999999998
0.9042422999999999
0.9069227499999999
0.8555887500000002
0.9247501
0.8230251499999998
0.91819385
0.84080605
0.8975841499999999
0.8816361500000001
0.8962324500000001
0.89954515
0.9241482000000001
0.8329096499999998
0.93016885
0.9315292000000002
0.6821113999999999
0.4226555
0.89575875
0.769968
0.9210735499999998
0.8236514500000002
0.7624920000000002
0.8784058
0.5812312499999999
0.49921249999999995
0.90182855
0.8659076499999999
0.88873085
0.6839557
0.8356831999999998
0.89246795
0.6176473
0.8892103500000001
0.8966619000000001
0.8845883999999999
0.74040525
0.9257463999999999
0.8490550500000001
0.91213405
0.8496746
0.8760508499999998
0.9155082999999999
0.8966373000000001
0.9296709499999999
0.8720921
0.9096686500000001
0.9270555
0.91632295
0.4659589500000001
0.89110065
0.86109945
0.8870598000000001
0.8051130499999999
0.8755857500000002
0.9186914999999999
0.90594655
0.9033908499999999
0.63449105
0.9234340499999998
0.9182986499999999
0.7491049500000001
0.9184349
0.8859134500000001
0.91911685
0.9115341499999999
0.9203830500000001
0.8943872
0.9216563000000001
0.9023479
0.70513835
0.9240729499999999
0.9008415
0.9255686000000001
0.899268
0.7463248999999998
0.5007309500000001
0.44561855
0.70282715
0.5915639500000001
0.7626621499999999
0.8961199499999999
0.8697185500000002
0.9193952000000001
0.7125771499999999
0.6730088499999999
0.8937749000000001
0.8075938500000002
0.7197769
0.5067258499999998
0.7760094999999999
0.6838608500000001
0.6418154999999999
0.8327082000000001
0.77870085
0.8897483000000002
0.7279625000000001
0.8708940000000002
0.88205055
0.58685785
0.8317287499999999
0.9210173500000002
0.9093650999999999
0.64450205
0.9063936999999997
0.8920944499999999
0.9275193999999999
0.8042689000000001
0.8898545500000001
0.9178407000000002
0.9043695999999999
0.8905896999999999
0.89522975
0.8592131499999999
0.7091044
0.9056195499999999
0.8940170500000001
0.66960415
0.5252666500000001
0.9252925
0.7971378
0.9094759000000001
0.8890742000000001
0.8864506000000001
0.9229869
0.9218488499999997
0.9045362500000002
0.8847286999999998
0.74473335
0.8861887999999997
0.9073969500000001
0.9160660999999999
0.6455919
0.9182179500000001
0.60285605
0.6499684000000001
0.8975787499999998
0.8662797
0.6682046500000001
0.8369404999999999
0.8906791500000001
0.55463715
0.9173556000000002
0.74976375
0.8922762499999999
0.896251
0.9267819500000002
0.67195035
0.80953675
0.8950840999999998
0.9034481000000003
0.8808473999999998
0.8670803499999998
0.9222237000000002
0.90558525
0.8884928499999999
0.7713553000000001
0.6306063500000001
0.8974211499999999
0.6784883500000001
0.55463405
0.7429305000000002
0.8792519499999998
0.6721136999999999
0.8327424499999999
0.9199016499999999
0.89157055
0.93117075
0.4558226499999999
0.8948518
0.7420307
0.9271741499999997
0.90946855
0.89797215
0.6871388
0.5974184499999999
0.8759081500000002
0.5317596499999999
0.48169645
0.45399015
0.48548220000000003
0.4566464999999999
0.4660317500000001
0.6303749000000002
0.57012475
0.48557419999999996
0.46003334999999995
0.48324175
0.4731481000000001
0.4765855000000001
0.48856474999999994
0.5023973500000001
0.4999391
0.4684456
0.51881375
0.4500973999999999
0.5276644499999998
0.73782945
0.69548785
0.7779487999999999
0.6217648
0.9018674499999999
0.82179045
0.7903015500000001
0.7704997499999999
0.697154
0.85204615
0.7340891000000002
0.8881460500000001
0.9024509999999999
0.8479691500000002
0.89161795
0.7570132999999999
0.88772015
0.8741342
0.8422212
0.90445435
0.8286016499999999
0.9272105000000002
0.78324495
0.9223663
0.8294921000000001
0.8973168499999999
0.85415975
0.9189091999999999
0.42089875
0.8050605000000001
0.26693365
0.82565695
0.5337061999999999
0.45080175
0.8040614999999999
0.82037555
0.6664481
0.4167581
0.7710074499999999
0.8083929999999999
0.4638609000000001
0.4637183
0.8018789
0.6393607499999999
0.32411460000000003
0.82050435
0.3658929
0.7950946
0.7963311999999999
0.76038585
0.5444604999999998
0.38243735
0.35027909999999995
0.6713075
0.39887140000000004
0.8509410499999998
0.4581573
0.87058725
0.7066997999999999
0.80443755
0.8168770000000002
0.81790295
0.88627905
0.86943035
0.8772258
0.7567711500000002
0.7733837499999999
0.6764630499999998
0.5302373999999999
0.29225140000000005
0.45749780000000007
0.7313591
0.5022913999999999
0.7596104
0.2939239
0.81319515
0.5609808500000001
0.29947989999999997
0.5957368
0.2802154
0.8342762
0.25892265
0.60751425
0.2826633
0.6234869500000002
0.72352335
0.4572419
0.5836913
0.350794
0.5071894
0.44154845
0.4811508
0.56923045
0.38534019999999997
0.2795119
0.34038005
0.3588539
0.47810535
0.25842030000000005
0.2918462
0.3921947
0.6179479999999999
0.2677432
0.678503
0.4742875
0.38903390000000004
0.73673335
0.56175675
0.7445025999999999
0.6455648
0.8410936
0.6764006
0.31939090000000003
0.3444256500000001
0.3332729
0.8030518000000001
0.33773115000000004
0.35345495
0.77936775
0.44179325
0.28648905
0.80659155
0.7921185
0.34001939999999997
0.51006935
0.37392270000000005
0.41970480000000004
0.4516857000000001
0.75248045
0.5727359000000001
0.81310435
0.36033525
0.2762407
0.5594561
0.51653765
0.6004854000000001
0.6978428000000001
0.7558571999999999
0.25266574999999997
0.7273780999999999
0.2230362999999999
0.41971915000000004
0.4985435
0.6910217499999998
0.28659640000000003
0.61734825
0.5311485999999999
0.5507925499999999
0.4205613500000001
0.7857010499999999
0.27981734999999996
0.67051535
0.4771695499999999
0.84103375
0.21286015000000003