pace = 24
0.5	1.5	0.74	0.7	rgb(78,0,0)	amino acid 1
1.5	2.5	0.74	0.7	rgb(64,0,0)	amino acid 2
2.5	3.5	0.74	0.7	rgb(66,0,0)	amino acid 3
3.5	4.5	0.74	0.7	rgb(66,0,0)	amino acid 4
4.5	5.5	0.74	0.7	rgb(58,0,0)	amino acid 5
5.5	6.5	0.74	0.7	rgb(66,0,0)	amino acid 6
6.5	7.5	0.74	0.7	rgb(64,0,0)	amino acid 7
7.5	8.5	0.74	0.7	rgb(74,0,0)	amino acid 8
8.5	9.5	0.74	0.7	rgb(71,0,0)	amino acid 9
9.5	10.5	0.74	0.7	rgb(56,0,0)	amino acid 10
10.5	11.5	0.74	0.7	rgb(61,0,0)	amino acid 11
11.5	12.5	0.74	0.7	rgb(80,0,0)	amino acid 12
12.5	13.5	0.74	0.7	rgb(86,0,0)	amino acid 13
13.5	14.5	0.74	0.7	rgb(73,0,0)	amino acid 14
14.5	15.5	0.74	0.7	rgb(77,0,0)	amino acid 15
15.5	16.5	0.74	0.7	rgb(74,0,0)	amino acid 16
16.5	17.5	0.74	0.7	rgb(68,0,0)	amino acid 17
17.5	18.5	0.74	0.7	rgb(94,0,0)	amino acid 18
18.5	19.5	0.74	0.7	rgb(84,0,0)	amino acid 19
19.5	20.5	0.74	0.7	rgb(78,0,0)	amino acid 20
20.5	21.5	0.74	0.7	rgb(84,0,0)	amino acid 21
21.5	22.5	0.74	0.7	rgb(68,0,0)	amino acid 22
22.5	23.5	0.74	0.7	rgb(79,0,0)	amino acid 23
23.5	24.5	0.74	0.7	rgb(74,0,0)	amino acid 24
24.5	25.5	0.74	0.7	rgb(78,0,0)	amino acid 25
25.5	26.5	0.74	0.7	rgb(89,0,0)	amino acid 26
26.5	27.5	0.74	0.7	rgb(97,0,0)	amino acid 27
27.5	28.5	0.74	0.7	rgb(80,0,0)	amino acid 28
28.5	29.5	0.74	0.7	rgb(65,0,0)	amino acid 29
29.5	30.5	0.74	0.7	rgb(67,0,0)	amino acid 30
30.5	31.5	0.74	0.7	rgb(68,0,0)	amino acid 31
31.5	32.5	0.74	0.7	rgb(84,0,0)	amino acid 32
32.5	33.5	0.74	0.7	rgb(70,0,0)	amino acid 33
33.5	34.5	0.74	0.7	rgb(61,0,0)	amino acid 34
34.5	35.5	0.74	0.7	rgb(63,0,0)	amino acid 35
35.5	36.5	0.74	0.7	rgb(62,0,0)	amino acid 36
36.5	37.5	0.74	0.7	rgb(65,0,0)	amino acid 37
37.5	38.5	0.74	0.7	rgb(74,0,0)	amino acid 38
38.5	39.5	0.74	0.7	rgb(70,0,0)	amino acid 39
39.5	40.5	0.74	0.7	rgb(68,0,0)	amino acid 40
40.5	41.5	0.74	0.7	rgb(74,0,0)	amino acid 41
41.5	42.5	0.74	0.7	rgb(63,0,0)	amino acid 42
42.5	43.5	0.74	0.7	rgb(69,0,0)	amino acid 43
43.5	44.5	0.74	0.7	rgb(61,0,0)	amino acid 44
44.5	45.5	0.74	0.7	rgb(67,0,0)	amino acid 45
45.5	46.5	0.74	0.7	rgb(63,0,0)	amino acid 46
46.5	47.5	0.74	0.7	rgb(67,0,0)	amino acid 47
47.5	48.5	0.74	0.7	rgb(66,0,0)	amino acid 48
48.5	49.5	0.74	0.7	rgb(67,0,0)	amino acid 49
49.5	50.5	0.74	0.7	rgb(76,0,0)	amino acid 50
50.5	51.5	0.74	0.7	rgb(68,0,0)	amino acid 51
51.5	52.5	0.74	0.7	rgb(71,0,0)	amino acid 52
52.5	53.5	0.74	0.7	rgb(70,0,0)	amino acid 53
53.5	54.5	0.74	0.7	rgb(59,0,0)	amino acid 54
54.5	55.5	0.74	0.7	rgb(63,0,0)	amino acid 55
55.5	56.5	0.74	0.7	rgb(67,0,0)	amino acid 56
56.5	57.5	0.74	0.7	rgb(64,0,0)	amino acid 57
57.5	58.5	0.74	0.7	rgb(68,0,0)	amino acid 58
58.5	59.5	0.74	0.7	rgb(67,0,0)	amino acid 59
59.5	60.5	0.74	0.7	rgb(66,0,0)	amino acid 60
60.5	61.5	0.74	0.7	rgb(68,0,0)	amino acid 61
61.5	62.5	0.74	0.7	rgb(65,0,0)	amino acid 62
62.5	63.5	0.74	0.7	rgb(65,0,0)	amino acid 63
63.5	64.5	0.74	0.7	rgb(57,0,0)	amino acid 64
64.5	65.5	0.74	0.7	rgb(58,0,0)	amino acid 65
65.5	66.5	0.74	0.7	rgb(58,0,0)	amino acid 66
66.5	67.5	0.74	0.7	rgb(60,0,0)	amino acid 67
67.5	68.5	0.74	0.7	rgb(58,0,0)	amino acid 68
68.5	69.5	0.74	0.7	rgb(70,0,0)	amino acid 69
69.5	70.5	0.74	0.7	rgb(62,0,0)	amino acid 70
70.5	71.5	0.74	0.7	rgb(61,0,0)	amino acid 71
71.5	72.5	0.74	0.7	rgb(76,0,0)	amino acid 72
72.5	73.5	0.74	0.7	rgb(70,0,0)	amino acid 73
73.5	74.5	0.74	0.7	rgb(55,0,0)	amino acid 74
74.5	75.5	0.74	0.7	rgb(77,0,0)	amino acid 75
75.5	76.5	0.74	0.7	rgb(63,0,0)	amino acid 76
76.5	77.5	0.74	0.7	rgb(68,0,0)	amino acid 77
77.5	78.5	0.74	0.7	rgb(62,0,0)	amino acid 78
78.5	79.5	0.74	0.7	rgb(120,0,0)	amino acid 79
79.5	80.5	0.74	0.7	rgb(74,0,0)	amino acid 80
80.5	81.5	0.74	0.7	rgb(113,0,0)	amino acid 81
81.5	82.5	0.74	0.7	rgb(199,0,0)	amino acid 82
82.5	83.5	0.74	0.7	rgb(129,0,0)	amino acid 83
83.5	84.5	0.74	0.7	rgb(172,0,0)	amino acid 84
84.5	85.5	0.74	0.7	rgb(157,0,0)	amino acid 85
85.5	86.5	0.74	0.7	rgb(116,0,0)	amino acid 86
86.5	87.5	0.74	0.7	rgb(132,0,0)	amino acid 87
87.5	88.5	0.74	0.7	rgb(82,0,0)	amino acid 88
88.5	89.5	0.74	0.7	rgb(207,0,0)	amino acid 89
89.5	90.5	0.74	0.7	rgb(196,0,0)	amino acid 90
90.5	91.5	0.74	0.7	rgb(206,0,0)	amino acid 91
91.5	92.5	0.74	0.7	rgb(215,0,0)	amino acid 92
92.5	93.5	0.74	0.7	rgb(99,0,0)	amino acid 93
93.5	94.5	0.74	0.7	rgb(211,0,0)	amino acid 94
94.5	95.5	0.74	0.7	rgb(180,0,0)	amino acid 95
95.5	96.5	0.74	0.7	rgb(120,0,0)	amino acid 96
96.5	97.5	0.74	0.7	rgb(93,0,0)	amino acid 97
97.5	98.5	0.74	0.7	rgb(122,0,0)	amino acid 98
98.5	99.5	0.74	0.7	rgb(187,0,0)	amino acid 99
99.5	100.5	0.74	0.7	rgb(174,0,0)	amino acid 100
100.5	101.5	0.74	0.7	rgb(160,0,0)	amino acid 101
101.5	102.5	0.74	0.7	rgb(92,0,0)	amino acid 102
102.5	103.5	0.74	0.7	rgb(212,0,0)	amino acid 103
103.5	104.5	0.74	0.7	rgb(163,0,0)	amino acid 104
104.5	105.5	0.74	0.7	rgb(149,0,0)	amino acid 105
105.5	106.5	0.74	0.7	rgb(205,0,0)	amino acid 106
106.5	107.5	0.74	0.7	rgb(207,0,0)	amino acid 107
107.5	108.5	0.74	0.7	rgb(214,0,0)	amino acid 108
108.5	109.5	0.74	0.7	rgb(206,0,0)	amino acid 109
109.5	110.5	0.74	0.7	rgb(186,0,0)	amino acid 110
110.5	111.5	0.74	0.7	rgb(103,0,0)	amino acid 111
111.5	112.5	0.74	0.7	rgb(196,0,0)	amino acid 112
112.5	113.5	0.74	0.7	rgb(118,0,0)	amino acid 113
113.5	114.5	0.74	0.7	rgb(95,0,0)	amino acid 114
114.5	115.5	0.74	0.7	rgb(113,0,0)	amino acid 115
115.5	116.5	0.74	0.7	rgb(93,0,0)	amino acid 116
116.5	117.5	0.74	0.7	rgb(83,0,0)	amino acid 117
117.5	118.5	0.74	0.7	rgb(75,0,0)	amino acid 118
118.5	119.5	0.74	0.7	rgb(103,0,0)	amino acid 119
119.5	120.5	0.74	0.7	rgb(93,0,0)	amino acid 120
120.5	121.5	0.74	0.7	rgb(83,0,0)	amino acid 121
121.5	122.5	0.74	0.7	rgb(90,0,0)	amino acid 122
122.5	123.5	0.74	0.7	rgb(144,0,0)	amino acid 123
123.5	124.5	0.74	0.7	rgb(81,0,0)	amino acid 124
124.5	125.5	0.74	0.7	rgb(208,0,0)	amino acid 125
125.5	126.5	0.74	0.7	rgb(189,0,0)	amino acid 126
126.5	127.5	0.74	0.7	rgb(210,0,0)	amino acid 127
127.5	128.5	0.74	0.7	rgb(188,0,0)	amino acid 128
128.5	129.5	0.74	0.7	rgb(180,0,0)	amino acid 129
129.5	130.5	0.74	0.7	rgb(198,0,0)	amino acid 130
130.5	131.5	0.74	0.7	rgb(135,0,0)	amino acid 131
131.5	132.5	0.74	0.7	rgb(131,0,0)	amino acid 132
132.5	133.5	0.74	0.7	rgb(196,0,0)	amino acid 133
133.5	134.5	0.74	0.7	rgb(185,0,0)	amino acid 134
134.5	135.5	0.74	0.7	rgb(154,0,0)	amino acid 135
135.5	136.5	0.74	0.7	rgb(221,0,0)	amino acid 136
136.5	137.5	0.74	0.7	rgb(147,0,0)	amino acid 137
137.5	138.5	0.74	0.7	rgb(152,0,0)	amino acid 138
138.5	139.5	0.74	0.7	rgb(78,0,0)	amino acid 139
139.5	140.5	0.74	0.7	rgb(188,0,0)	amino acid 140
140.5	141.5	0.74	0.7	rgb(151,0,0)	amino acid 141
141.5	142.5	0.74	0.7	rgb(109,0,0)	amino acid 142
142.5	143.5	0.74	0.7	rgb(97,0,0)	amino acid 143
143.5	144.5	0.74	0.7	rgb(132,0,0)	amino acid 144
144.5	145.5	0.74	0.7	rgb(127,0,0)	amino acid 145
145.5	146.5	0.74	0.7	rgb(65,0,0)	amino acid 146
146.5	147.5	0.74	0.7	rgb(212,0,0)	amino acid 147
147.5	148.5	0.74	0.7	rgb(169,0,0)	amino acid 148
148.5	149.5	0.74	0.7	rgb(173,0,0)	amino acid 149
149.5	150.5	0.74	0.7	rgb(206,0,0)	amino acid 150
150.5	151.5	0.74	0.7	rgb(131,0,0)	amino acid 151
151.5	152.5	0.74	0.7	rgb(221,0,0)	amino acid 152
152.5	153.5	0.74	0.7	rgb(148,0,0)	amino acid 153
153.5	154.5	0.74	0.7	rgb(190,0,0)	amino acid 154
154.5	155.5	0.74	0.7	rgb(132,0,0)	amino acid 155
155.5	156.5	0.74	0.7	rgb(119,0,0)	amino acid 156
156.5	157.5	0.74	0.7	rgb(175,0,0)	amino acid 157
157.5	158.5	0.74	0.7	rgb(177,0,0)	amino acid 158
158.5	159.5	0.74	0.7	rgb(156,0,0)	amino acid 159
159.5	160.5	0.74	0.7	rgb(205,0,0)	amino acid 160
160.5	161.5	0.74	0.7	rgb(202,0,0)	amino acid 161
161.5	162.5	0.74	0.7	rgb(152,0,0)	amino acid 162
162.5	163.5	0.74	0.7	rgb(221,0,0)	amino acid 163
163.5	164.5	0.74	0.7	rgb(209,0,0)	amino acid 164
164.5	165.5	0.74	0.7	rgb(87,0,0)	amino acid 165
165.5	166.5	0.74	0.7	rgb(147,0,0)	amino acid 166
166.5	167.5	0.74	0.7	rgb(212,0,0)	amino acid 167
167.5	168.5	0.74	0.7	rgb(157,0,0)	amino acid 168
168.5	169.5	0.74	0.7	rgb(208,0,0)	amino acid 169
169.5	170.5	0.74	0.7	rgb(173,0,0)	amino acid 170
170.5	171.5	0.74	0.7	rgb(201,0,0)	amino acid 171
171.5	172.5	0.74	0.7	rgb(85,0,0)	amino acid 172
172.5	173.5	0.74	0.7	rgb(120,0,0)	amino acid 173
173.5	174.5	0.74	0.7	rgb(194,0,0)	amino acid 174
174.5	175.5	0.74	0.7	rgb(212,0,0)	amino acid 175
175.5	176.5	0.74	0.7	rgb(152,0,0)	amino acid 176
176.5	177.5	0.74	0.7	rgb(164,0,0)	amino acid 177
177.5	178.5	0.74	0.7	rgb(218,0,0)	amino acid 178
178.5	179.5	0.74	0.7	rgb(214,0,0)	amino acid 179
179.5	180.5	0.74	0.7	rgb(211,0,0)	amino acid 180
180.5	181.5	0.74	0.7	rgb(191,0,0)	amino acid 181
181.5	182.5	0.74	0.7	rgb(136,0,0)	amino acid 182
182.5	183.5	0.74	0.7	rgb(217,0,0)	amino acid 183
183.5	184.5	0.74	0.7	rgb(102,0,0)	amino acid 184
184.5	185.5	0.74	0.7	rgb(225,0,0)	amino acid 185
185.5	186.5	0.74	0.7	rgb(203,0,0)	amino acid 186
186.5	187.5	0.74	0.7	rgb(125,0,0)	amino acid 187
187.5	188.5	0.74	0.7	rgb(172,0,0)	amino acid 188
188.5	189.5	0.74	0.7	rgb(132,0,0)	amino acid 189
189.5	190.5	0.74	0.7	rgb(219,0,0)	amino acid 190
190.5	191.5	0.74	0.7	rgb(220,0,0)	amino acid 191
191.5	192.5	0.74	0.7	rgb(216,0,0)	amino acid 192
192.5	193.5	0.74	0.7	rgb(211,0,0)	amino acid 193
193.5	194.5	0.74	0.7	rgb(226,0,0)	amino acid 194
194.5	195.5	0.74	0.7	rgb(132,0,0)	amino acid 195
195.5	196.5	0.74	0.7	rgb(165,0,0)	amino acid 196
196.5	197.5	0.74	0.7	rgb(132,0,0)	amino acid 197
197.5	198.5	0.74	0.7	rgb(210,0,0)	amino acid 198
198.5	199.5	0.74	0.7	rgb(78,0,0)	amino acid 199
199.5	200.5	0.74	0.7	rgb(148,0,0)	amino acid 200
200.5	201.5	0.74	0.7	rgb(78,0,0)	amino acid 201
201.5	202.5	0.74	0.7	rgb(129,0,0)	amino acid 202
202.5	203.5	0.74	0.7	rgb(124,0,0)	amino acid 203
203.5	204.5	0.74	0.7	rgb(170,0,0)	amino acid 204
204.5	205.5	0.74	0.7	rgb(102,0,0)	amino acid 205
205.5	206.5	0.74	0.7	rgb(160,0,0)	amino acid 206
206.5	207.5	0.74	0.7	rgb(178,0,0)	amino acid 207
207.5	208.5	0.74	0.7	rgb(143,0,0)	amino acid 208
208.5	209.5	0.74	0.7	rgb(204,0,0)	amino acid 209
209.5	210.5	0.74	0.7	rgb(132,0,0)	amino acid 210
210.5	211.5	0.74	0.7	rgb(198,0,0)	amino acid 211
211.5	212.5	0.74	0.7	rgb(171,0,0)	amino acid 212
212.5	213.5	0.74	0.7	rgb(176,0,0)	amino acid 213
213.5	214.5	0.74	0.7	rgb(161,0,0)	amino acid 214
214.5	215.5	0.74	0.7	rgb(128,0,0)	amino acid 215
215.5	216.5	0.74	0.7	rgb(161,0,0)	amino acid 216
216.5	217.5	0.74	0.7	rgb(221,0,0)	amino acid 217
217.5	218.5	0.74	0.7	rgb(227,0,0)	amino acid 218
218.5	219.5	0.74	0.7	rgb(205,0,0)	amino acid 219
219.5	220.5	0.74	0.7	rgb(169,0,0)	amino acid 220
220.5	221.5	0.74	0.7	rgb(118,0,0)	amino acid 221
221.5	222.5	0.74	0.7	rgb(211,0,0)	amino acid 222
222.5	223.5	0.74	0.7	rgb(116,0,0)	amino acid 223
223.5	224.5	0.74	0.7	rgb(226,0,0)	amino acid 224
224.5	225.5	0.74	0.7	rgb(137,0,0)	amino acid 225
225.5	226.5	0.74	0.7	rgb(80,0,0)	amino acid 226
226.5	227.5	0.74	0.7	rgb(173,0,0)	amino acid 227
227.5	228.5	0.74	0.7	rgb(210,0,0)	amino acid 228
228.5	229.5	0.74	0.7	rgb(157,0,0)	amino acid 229
229.5	230.5	0.74	0.7	rgb(204,0,0)	amino acid 230
230.5	231.5	0.74	0.7	rgb(213,0,0)	amino acid 231
231.5	232.5	0.74	0.7	rgb(182,0,0)	amino acid 232
232.5	233.5	0.74	0.7	rgb(203,0,0)	amino acid 233
233.5	234.5	0.74	0.7	rgb(215,0,0)	amino acid 234
234.5	235.5	0.74	0.7	rgb(171,0,0)	amino acid 235
235.5	236.5	0.74	0.7	rgb(173,0,0)	amino acid 236
236.5	237.5	0.74	0.7	rgb(163,0,0)	amino acid 237
237.5	238.5	0.74	0.7	rgb(202,0,0)	amino acid 238
238.5	239.5	0.74	0.7	rgb(201,0,0)	amino acid 239
239.5	240.5	0.74	0.7	rgb(161,0,0)	amino acid 240
240.5	241.5	0.74	0.7	rgb(216,0,0)	amino acid 241
241.5	242.5	0.74	0.7	rgb(185,0,0)	amino acid 242
242.5	243.5	0.74	0.7	rgb(212,0,0)	amino acid 243
243.5	244.5	0.74	0.7	rgb(214,0,0)	amino acid 244
244.5	245.5	0.74	0.7	rgb(212,0,0)	amino acid 245
245.5	246.5	0.74	0.7	rgb(204,0,0)	amino acid 246
246.5	247.5	0.74	0.7	rgb(207,0,0)	amino acid 247
247.5	248.5	0.74	0.7	rgb(189,0,0)	amino acid 248
248.5	249.5	0.74	0.7	rgb(205,0,0)	amino acid 249
249.5	250.5	0.74	0.7	rgb(203,0,0)	amino acid 250
250.5	251.5	0.74	0.7	rgb(137,0,0)	amino acid 251
251.5	252.5	0.74	0.7	rgb(209,0,0)	amino acid 252
252.5	253.5	0.74	0.7	rgb(219,0,0)	amino acid 253
253.5	254.5	0.74	0.7	rgb(198,0,0)	amino acid 254
254.5	255.5	0.74	0.7	rgb(107,0,0)	amino acid 255
255.5	256.5	0.74	0.7	rgb(185,0,0)	amino acid 256
256.5	257.5	0.74	0.7	rgb(221,0,0)	amino acid 257
257.5	258.5	0.74	0.7	rgb(135,0,0)	amino acid 258
258.5	259.5	0.74	0.7	rgb(237,0,0)	amino acid 259
259.5	260.5	0.74	0.7	rgb(225,0,0)	amino acid 260
260.5	261.5	0.74	0.7	rgb(198,0,0)	amino acid 261
261.5	262.5	0.74	0.7	rgb(235,0,0)	amino acid 262
262.5	263.5	0.74	0.7	rgb(229,0,0)	amino acid 263
263.5	264.5	0.74	0.7	rgb(133,0,0)	amino acid 264
264.5	265.5	0.74	0.7	rgb(192,0,0)	amino acid 265
265.5	266.5	0.74	0.7	rgb(150,0,0)	amino acid 266
266.5	267.5	0.74	0.7	rgb(203,0,0)	amino acid 267
267.5	268.5	0.74	0.7	rgb(154,0,0)	amino acid 268
268.5	269.5	0.74	0.7	rgb(207,0,0)	amino acid 269
269.5	270.5	0.74	0.7	rgb(176,0,0)	amino acid 270
270.5	271.5	0.74	0.7	rgb(189,0,0)	amino acid 271
271.5	272.5	0.74	0.7	rgb(168,0,0)	amino acid 272
272.5	273.5	0.74	0.7	rgb(219,0,0)	amino acid 273
273.5	274.5	0.74	0.7	rgb(177,0,0)	amino acid 274
274.5	275.5	0.74	0.7	rgb(189,0,0)	amino acid 275
275.5	276.5	0.74	0.7	rgb(177,0,0)	amino acid 276
276.5	277.5	0.74	0.7	rgb(223,0,0)	amino acid 277
277.5	278.5	0.74	0.7	rgb(212,0,0)	amino acid 278
278.5	279.5	0.74	0.7	rgb(229,0,0)	amino acid 279
279.5	280.5	0.74	0.7	rgb(225,0,0)	amino acid 280
280.5	281.5	0.74	0.7	rgb(223,0,0)	amino acid 281
281.5	282.5	0.74	0.7	rgb(234,0,0)	amino acid 282
282.5	283.5	0.74	0.7	rgb(149,0,0)	amino acid 283
283.5	284.5	0.74	0.7	rgb(180,0,0)	amino acid 284
284.5	285.5	0.74	0.7	rgb(227,0,0)	amino acid 285
285.5	286.5	0.74	0.7	rgb(165,0,0)	amino acid 286
286.5	287.5	0.74	0.7	rgb(161,0,0)	amino acid 287
287.5	288.5	0.74	0.7	rgb(169,0,0)	amino acid 288
288.5	289.5	0.74	0.7	rgb(154,0,0)	amino acid 289
289.5	290.5	0.74	0.7	rgb(230,0,0)	amino acid 290
290.5	291.5	0.74	0.7	rgb(225,0,0)	amino acid 291
291.5	292.5	0.74	0.7	rgb(235,0,0)	amino acid 292
292.5	293.5	0.74	0.7	rgb(231,0,0)	amino acid 293
293.5	294.5	0.74	0.7	rgb(209,0,0)	amino acid 294
294.5	295.5	0.74	0.7	rgb(230,0,0)	amino acid 295
295.5	296.5	0.74	0.7	rgb(236,0,0)	amino acid 296
296.5	297.5	0.74	0.7	rgb(230,0,0)	amino acid 297
297.5	298.5	0.74	0.7	rgb(229,0,0)	amino acid 298
298.5	299.5	0.74	0.7	rgb(220,0,0)	amino acid 299
299.5	300.5	0.74	0.7	rgb(159,0,0)	amino acid 300
300.5	301.5	0.74	0.7	rgb(205,0,0)	amino acid 301
301.5	302.5	0.74	0.7	rgb(226,0,0)	amino acid 302
302.5	303.5	0.74	0.7	rgb(196,0,0)	amino acid 303
303.5	304.5	0.74	0.7	rgb(172,0,0)	amino acid 304
304.5	305.5	0.74	0.7	rgb(227,0,0)	amino acid 305
305.5	306.5	0.74	0.7	rgb(147,0,0)	amino acid 306
306.5	307.5	0.74	0.7	rgb(215,0,0)	amino acid 307
307.5	308.5	0.74	0.7	rgb(228,0,0)	amino acid 308
308.5	309.5	0.74	0.7	rgb(235,0,0)	amino acid 309
309.5	310.5	0.74	0.7	rgb(225,0,0)	amino acid 310
310.5	311.5	0.74	0.7	rgb(230,0,0)	amino acid 311
311.5	312.5	0.74	0.7	rgb(224,0,0)	amino acid 312
312.5	313.5	0.74	0.7	rgb(216,0,0)	amino acid 313
313.5	314.5	0.74	0.7	rgb(233,0,0)	amino acid 314
314.5	315.5	0.74	0.7	rgb(228,0,0)	amino acid 315
315.5	316.5	0.74	0.7	rgb(226,0,0)	amino acid 316
316.5	317.5	0.74	0.7	rgb(224,0,0)	amino acid 317
317.5	318.5	0.74	0.7	rgb(224,0,0)	amino acid 318
318.5	319.5	0.74	0.7	rgb(222,0,0)	amino acid 319
319.5	320.5	0.74	0.7	rgb(222,0,0)	amino acid 320
320.5	321.5	0.74	0.7	rgb(165,0,0)	amino acid 321
321.5	322.5	0.74	0.7	rgb(193,0,0)	amino acid 322
322.5	323.5	0.74	0.7	rgb(202,0,0)	amino acid 323
323.5	324.5	0.74	0.7	rgb(208,0,0)	amino acid 324
324.5	325.5	0.74	0.7	rgb(127,0,0)	amino acid 325
325.5	326.5	0.74	0.7	rgb(209,0,0)	amino acid 326
326.5	327.5	0.74	0.7	rgb(196,0,0)	amino acid 327
327.5	328.5	0.74	0.7	rgb(186,0,0)	amino acid 328
328.5	329.5	0.74	0.7	rgb(128,0,0)	amino acid 329
329.5	330.5	0.74	0.7	rgb(205,0,0)	amino acid 330
330.5	331.5	0.74	0.7	rgb(205,0,0)	amino acid 331
331.5	332.5	0.74	0.7	rgb(129,0,0)	amino acid 332
332.5	333.5	0.74	0.7	rgb(138,0,0)	amino acid 333
333.5	334.5	0.74	0.7	rgb(215,0,0)	amino acid 334
334.5	335.5	0.74	0.7	rgb(218,0,0)	amino acid 335
335.5	336.5	0.74	0.7	rgb(193,0,0)	amino acid 336
336.5	337.5	0.74	0.7	rgb(202,0,0)	amino acid 337
337.5	338.5	0.74	0.7	rgb(218,0,0)	amino acid 338
338.5	339.5	0.74	0.7	rgb(133,0,0)	amino acid 339
339.5	340.5	0.74	0.7	rgb(213,0,0)	amino acid 340
340.5	341.5	0.74	0.7	rgb(214,0,0)	amino acid 341
341.5	342.5	0.74	0.7	rgb(229,0,0)	amino acid 342
342.5	343.5	0.74	0.7	rgb(219,0,0)	amino acid 343
343.5	344.5	0.74	0.7	rgb(236,0,0)	amino acid 344
344.5	345.5	0.74	0.7	rgb(230,0,0)	amino acid 345
345.5	346.5	0.74	0.7	rgb(182,0,0)	amino acid 346
346.5	347.5	0.74	0.7	rgb(232,0,0)	amino acid 347
347.5	348.5	0.74	0.7	rgb(179,0,0)	amino acid 348
348.5	349.5	0.74	0.7	rgb(190,0,0)	amino acid 349
349.5	350.5	0.74	0.7	rgb(231,0,0)	amino acid 350
350.5	351.5	0.74	0.7	rgb(218,0,0)	amino acid 351
351.5	352.5	0.74	0.7	rgb(212,0,0)	amino acid 352
352.5	353.5	0.74	0.7	rgb(228,0,0)	amino acid 353
353.5	354.5	0.74	0.7	rgb(234,0,0)	amino acid 354
354.5	355.5	0.74	0.7	rgb(175,0,0)	amino acid 355
355.5	356.5	0.74	0.7	rgb(211,0,0)	amino acid 356
356.5	357.5	0.74	0.7	rgb(215,0,0)	amino acid 357
357.5	358.5	0.74	0.7	rgb(220,0,0)	amino acid 358
358.5	359.5	0.74	0.7	rgb(235,0,0)	amino acid 359
359.5	360.5	0.74	0.7	rgb(178,0,0)	amino acid 360
360.5	361.5	0.74	0.7	rgb(232,0,0)	amino acid 361
361.5	362.5	0.74	0.7	rgb(214,0,0)	amino acid 362
362.5	363.5	0.74	0.7	rgb(224,0,0)	amino acid 363
363.5	364.5	0.74	0.7	rgb(231,0,0)	amino acid 364
364.5	365.5	0.74	0.7	rgb(234,0,0)	amino acid 365
365.5	366.5	0.74	0.7	rgb(227,0,0)	amino acid 366
366.5	367.5	0.74	0.7	rgb(234,0,0)	amino acid 367
367.5	368.5	0.74	0.7	rgb(211,0,0)	amino acid 368
368.5	369.5	0.74	0.7	rgb(231,0,0)	amino acid 369
369.5	370.5	0.74	0.7	rgb(235,0,0)	amino acid 370
370.5	371.5	0.74	0.7	rgb(229,0,0)	amino acid 371
371.5	372.5	0.74	0.7	rgb(231,0,0)	amino acid 372
372.5	373.5	0.74	0.7	rgb(224,0,0)	amino acid 373
373.5	374.5	0.74	0.7	rgb(232,0,0)	amino acid 374
374.5	375.5	0.74	0.7	rgb(232,0,0)	amino acid 375
375.5	376.5	0.74	0.7	rgb(227,0,0)	amino acid 376
376.5	377.5	0.74	0.7	rgb(228,0,0)	amino acid 377
377.5	378.5	0.74	0.7	rgb(234,0,0)	amino acid 378
378.5	379.5	0.74	0.7	rgb(184,0,0)	amino acid 379
379.5	380.5	0.74	0.7	rgb(216,0,0)	amino acid 380
380.5	381.5	0.74	0.7	rgb(188,0,0)	amino acid 381
381.5	382.5	0.74	0.7	rgb(147,0,0)	amino acid 382
382.5	383.5	0.74	0.7	rgb(127,0,0)	amino acid 383
383.5	384.5	0.74	0.7	rgb(221,0,0)	amino acid 384
384.5	385.5	0.74	0.7	rgb(207,0,0)	amino acid 385
385.5	386.5	0.74	0.7	rgb(200,0,0)	amino acid 386
386.5	387.5	0.74	0.7	rgb(225,0,0)	amino acid 387
387.5	388.5	0.74	0.7	rgb(214,0,0)	amino acid 388
388.5	389.5	0.74	0.7	rgb(196,0,0)	amino acid 389
389.5	390.5	0.74	0.7	rgb(199,0,0)	amino acid 390
390.5	391.5	0.74	0.7	rgb(216,0,0)	amino acid 391
391.5	392.5	0.74	0.7	rgb(157,0,0)	amino acid 392
392.5	393.5	0.74	0.7	rgb(149,0,0)	amino acid 393
393.5	394.5	0.74	0.7	rgb(221,0,0)	amino acid 394
394.5	395.5	0.74	0.7	rgb(141,0,0)	amino acid 395
395.5	396.5	0.74	0.7	rgb(204,0,0)	amino acid 396
396.5	397.5	0.74	0.7	rgb(235,0,0)	amino acid 397
397.5	398.5	0.74	0.7	rgb(185,0,0)	amino acid 398
398.5	399.5	0.74	0.7	rgb(234,0,0)	amino acid 399
399.5	400.5	0.74	0.7	rgb(220,0,0)	amino acid 400
400.5	401.5	0.74	0.7	rgb(226,0,0)	amino acid 401
401.5	402.5	0.74	0.7	rgb(230,0,0)	amino acid 402
402.5	403.5	0.74	0.7	rgb(223,0,0)	amino acid 403
403.5	404.5	0.74	0.7	rgb(235,0,0)	amino acid 404
404.5	405.5	0.74	0.7	rgb(211,0,0)	amino acid 405
405.5	406.5	0.74	0.7	rgb(231,0,0)	amino acid 406
406.5	407.5	0.74	0.7	rgb(233,0,0)	amino acid 407
407.5	408.5	0.74	0.7	rgb(228,0,0)	amino acid 408
408.5	409.5	0.74	0.7	rgb(224,0,0)	amino acid 409
409.5	410.5	0.74	0.7	rgb(164,0,0)	amino acid 410
410.5	411.5	0.74	0.7	rgb(190,0,0)	amino acid 411
411.5	412.5	0.74	0.7	rgb(213,0,0)	amino acid 412
412.5	413.5	0.74	0.7	rgb(228,0,0)	amino acid 413
413.5	414.5	0.74	0.7	rgb(233,0,0)	amino acid 414
414.5	415.5	0.74	0.7	rgb(230,0,0)	amino acid 415
415.5	416.5	0.74	0.7	rgb(217,0,0)	amino acid 416
416.5	417.5	0.74	0.7	rgb(218,0,0)	amino acid 417
417.5	418.5	0.74	0.7	rgb(193,0,0)	amino acid 418
418.5	419.5	0.74	0.7	rgb(172,0,0)	amino acid 419
419.5	420.5	0.74	0.7	rgb(137,0,0)	amino acid 420
420.5	421.5	0.74	0.7	rgb(236,0,0)	amino acid 421
421.5	422.5	0.74	0.7	rgb(159,0,0)	amino acid 422
422.5	423.5	0.74	0.7	rgb(216,0,0)	amino acid 423
423.5	424.5	0.74	0.7	rgb(198,0,0)	amino acid 424
424.5	425.5	0.74	0.7	rgb(226,0,0)	amino acid 425
425.5	426.5	0.74	0.7	rgb(153,0,0)	amino acid 426
426.5	427.5	0.74	0.7	rgb(208,0,0)	amino acid 427
427.5	428.5	0.74	0.7	rgb(222,0,0)	amino acid 428
428.5	429.5	0.74	0.7	rgb(187,0,0)	amino acid 429
429.5	430.5	0.74	0.7	rgb(210,0,0)	amino acid 430
430.5	431.5	0.74	0.7	rgb(224,0,0)	amino acid 431
431.5	432.5	0.74	0.7	rgb(229,0,0)	amino acid 432
432.5	433.5	0.74	0.7	rgb(183,0,0)	amino acid 433
433.5	434.5	0.74	0.7	rgb(117,0,0)	amino acid 434
434.5	435.5	0.74	0.7	rgb(232,0,0)	amino acid 435
435.5	436.5	0.74	0.7	rgb(169,0,0)	amino acid 436
436.5	437.5	0.74	0.7	rgb(204,0,0)	amino acid 437
437.5	438.5	0.74	0.7	rgb(227,0,0)	amino acid 438
438.5	439.5	0.74	0.7	rgb(202,0,0)	amino acid 439
439.5	440.5	0.74	0.7	rgb(202,0,0)	amino acid 440
440.5	441.5	0.74	0.7	rgb(225,0,0)	amino acid 441
441.5	442.5	0.74	0.7	rgb(211,0,0)	amino acid 442
442.5	443.5	0.74	0.7	rgb(232,0,0)	amino acid 443
443.5	444.5	0.74	0.7	rgb(236,0,0)	amino acid 444
444.5	445.5	0.74	0.7	rgb(214,0,0)	amino acid 445
445.5	446.5	0.74	0.7	rgb(226,0,0)	amino acid 446
446.5	447.5	0.74	0.7	rgb(222,0,0)	amino acid 447
447.5	448.5	0.74	0.7	rgb(198,0,0)	amino acid 448
448.5	449.5	0.74	0.7	rgb(189,0,0)	amino acid 449
449.5	450.5	0.74	0.7	rgb(142,0,0)	amino acid 450
450.5	451.5	0.74	0.7	rgb(214,0,0)	amino acid 451
451.5	452.5	0.74	0.7	rgb(137,0,0)	amino acid 452
452.5	453.5	0.74	0.7	rgb(215,0,0)	amino acid 453
453.5	454.5	0.74	0.7	rgb(198,0,0)	amino acid 454
454.5	455.5	0.74	0.7	rgb(232,0,0)	amino acid 455
455.5	456.5	0.74	0.7	rgb(128,0,0)	amino acid 456
456.5	457.5	0.74	0.7	rgb(226,0,0)	amino acid 457
457.5	458.5	0.74	0.7	rgb(228,0,0)	amino acid 458
458.5	459.5	0.74	0.7	rgb(223,0,0)	amino acid 459
459.5	460.5	0.74	0.7	rgb(216,0,0)	amino acid 460
460.5	461.5	0.74	0.7	rgb(232,0,0)	amino acid 461
461.5	462.5	0.74	0.7	rgb(207,0,0)	amino acid 462
462.5	463.5	0.74	0.7	rgb(190,0,0)	amino acid 463
463.5	464.5	0.74	0.7	rgb(198,0,0)	amino acid 464
464.5	465.5	0.74	0.7	rgb(222,0,0)	amino acid 465
465.5	466.5	0.74	0.7	rgb(217,0,0)	amino acid 466
466.5	467.5	0.74	0.7	rgb(230,0,0)	amino acid 467
467.5	468.5	0.74	0.7	rgb(220,0,0)	amino acid 468
468.5	469.5	0.74	0.7	rgb(166,0,0)	amino acid 469
469.5	470.5	0.74	0.7	rgb(215,0,0)	amino acid 470
470.5	471.5	0.74	0.7	rgb(159,0,0)	amino acid 471
471.5	472.5	0.74	0.7	rgb(178,0,0)	amino acid 472
472.5	473.5	0.74	0.7	rgb(230,0,0)	amino acid 473
473.5	474.5	0.74	0.7	rgb(195,0,0)	amino acid 474
474.5	475.5	0.74	0.7	rgb(223,0,0)	amino acid 475
475.5	476.5	0.74	0.7	rgb(212,0,0)	amino acid 476
476.5	477.5	0.74	0.7	rgb(209,0,0)	amino acid 477
477.5	478.5	0.74	0.7	rgb(229,0,0)	amino acid 478
478.5	479.5	0.74	0.7	rgb(212,0,0)	amino acid 479
479.5	480.5	0.74	0.7	rgb(223,0,0)	amino acid 480
480.5	481.5	0.74	0.7	rgb(233,0,0)	amino acid 481
481.5	482.5	0.74	0.7	rgb(230,0,0)	amino acid 482
482.5	483.5	0.74	0.7	rgb(231,0,0)	amino acid 483
483.5	484.5	0.74	0.7	rgb(155,0,0)	amino acid 484
484.5	485.5	0.74	0.7	rgb(226,0,0)	amino acid 485
485.5	486.5	0.74	0.7	rgb(207,0,0)	amino acid 486
486.5	487.5	0.74	0.7	rgb(224,0,0)	amino acid 487
487.5	488.5	0.74	0.7	rgb(233,0,0)	amino acid 488
488.5	489.5	0.74	0.7	rgb(236,0,0)	amino acid 489
489.5	490.5	0.74	0.7	rgb(229,0,0)	amino acid 490
490.5	491.5	0.74	0.7	rgb(227,0,0)	amino acid 491
491.5	492.5	0.74	0.7	rgb(228,0,0)	amino acid 492
492.5	493.5	0.74	0.7	rgb(230,0,0)	amino acid 493
493.5	494.5	0.74	0.7	rgb(153,0,0)	amino acid 494
494.5	495.5	0.74	0.7	rgb(195,0,0)	amino acid 495
495.5	496.5	0.74	0.7	rgb(119,0,0)	amino acid 496
496.5	497.5	0.74	0.7	rgb(144,0,0)	amino acid 497
497.5	498.5	0.74	0.7	rgb(233,0,0)	amino acid 498
498.5	499.5	0.74	0.7	rgb(233,0,0)	amino acid 499
499.5	500.5	0.74	0.7	rgb(121,0,0)	amino acid 500
500.5	501.5	0.74	0.7	rgb(206,0,0)	amino acid 501
501.5	502.5	0.74	0.7	rgb(183,0,0)	amino acid 502
502.5	503.5	0.74	0.7	rgb(201,0,0)	amino acid 503
503.5	504.5	0.74	0.7	rgb(144,0,0)	amino acid 504
504.5	505.5	0.74	0.7	rgb(166,0,0)	amino acid 505
505.5	506.5	0.74	0.7	rgb(222,0,0)	amino acid 506
506.5	507.5	0.74	0.7	rgb(223,0,0)	amino acid 507
507.5	508.5	0.74	0.7	rgb(196,0,0)	amino acid 508
508.5	509.5	0.74	0.7	rgb(183,0,0)	amino acid 509
509.5	510.5	0.74	0.7	rgb(216,0,0)	amino acid 510
510.5	511.5	0.74	0.7	rgb(226,0,0)	amino acid 511
511.5	512.5	0.74	0.7	rgb(224,0,0)	amino acid 512
512.5	513.5	0.74	0.7	rgb(230,0,0)	amino acid 513
513.5	514.5	0.74	0.7	rgb(232,0,0)	amino acid 514
514.5	515.5	0.74	0.7	rgb(202,0,0)	amino acid 515
515.5	516.5	0.74	0.7	rgb(234,0,0)	amino acid 516
516.5	517.5	0.74	0.7	rgb(222,0,0)	amino acid 517
517.5	518.5	0.74	0.7	rgb(237,0,0)	amino acid 518
518.5	519.5	0.74	0.7	rgb(231,0,0)	amino acid 519
519.5	520.5	0.74	0.7	rgb(233,0,0)	amino acid 520
520.5	521.5	0.74	0.7	rgb(234,0,0)	amino acid 521
521.5	522.5	0.74	0.7	rgb(232,0,0)	amino acid 522
522.5	523.5	0.74	0.7	rgb(229,0,0)	amino acid 523
523.5	524.5	0.74	0.7	rgb(226,0,0)	amino acid 524
524.5	525.5	0.74	0.7	rgb(230,0,0)	amino acid 525
525.5	526.5	0.74	0.7	rgb(201,0,0)	amino acid 526
526.5	527.5	0.74	0.7	rgb(153,0,0)	amino acid 527
527.5	528.5	0.74	0.7	rgb(227,0,0)	amino acid 528
528.5	529.5	0.74	0.7	rgb(218,0,0)	amino acid 529
529.5	530.5	0.74	0.7	rgb(134,0,0)	amino acid 530
530.5	531.5	0.74	0.7	rgb(187,0,0)	amino acid 531
531.5	532.5	0.74	0.7	rgb(223,0,0)	amino acid 532
532.5	533.5	0.74	0.7	rgb(226,0,0)	amino acid 533
533.5	534.5	0.74	0.7	rgb(221,0,0)	amino acid 534
534.5	535.5	0.74	0.7	rgb(189,0,0)	amino acid 535
535.5	536.5	0.74	0.7	rgb(213,0,0)	amino acid 536
536.5	537.5	0.74	0.7	rgb(184,0,0)	amino acid 537
537.5	538.5	0.74	0.7	rgb(218,0,0)	amino acid 538
538.5	539.5	0.74	0.7	rgb(213,0,0)	amino acid 539
539.5	540.5	0.74	0.7	rgb(212,0,0)	amino acid 540
540.5	541.5	0.74	0.7	rgb(231,0,0)	amino acid 541
541.5	542.5	0.74	0.7	rgb(229,0,0)	amino acid 542
542.5	543.5	0.74	0.7	rgb(229,0,0)	amino acid 543
543.5	544.5	0.74	0.7	rgb(191,0,0)	amino acid 544
544.5	545.5	0.74	0.7	rgb(227,0,0)	amino acid 545
545.5	546.5	0.74	0.7	rgb(207,0,0)	amino acid 546
546.5	547.5	0.74	0.7	rgb(212,0,0)	amino acid 547
547.5	548.5	0.74	0.7	rgb(188,0,0)	amino acid 548
548.5	549.5	0.74	0.7	rgb(223,0,0)	amino acid 549
549.5	550.5	0.74	0.7	rgb(225,0,0)	amino acid 550
550.5	551.5	0.74	0.7	rgb(155,0,0)	amino acid 551
551.5	552.5	0.74	0.7	rgb(227,0,0)	amino acid 552
552.5	553.5	0.74	0.7	rgb(145,0,0)	amino acid 553
553.5	554.5	0.74	0.7	rgb(180,0,0)	amino acid 554
554.5	555.5	0.74	0.7	rgb(143,0,0)	amino acid 555
555.5	556.5	0.74	0.7	rgb(231,0,0)	amino acid 556
556.5	557.5	0.74	0.7	rgb(211,0,0)	amino acid 557
557.5	558.5	0.74	0.7	rgb(226,0,0)	amino acid 558
558.5	559.5	0.74	0.7	rgb(175,0,0)	amino acid 559
559.5	560.5	0.74	0.7	rgb(213,0,0)	amino acid 560
560.5	561.5	0.74	0.7	rgb(204,0,0)	amino acid 561
561.5	562.5	0.74	0.7	rgb(133,0,0)	amino acid 562
562.5	563.5	0.74	0.7	rgb(223,0,0)	amino acid 563
563.5	564.5	0.74	0.7	rgb(179,0,0)	amino acid 564
564.5	565.5	0.74	0.7	rgb(188,0,0)	amino acid 565
565.5	566.5	0.74	0.7	rgb(202,0,0)	amino acid 566
566.5	567.5	0.74	0.7	rgb(167,0,0)	amino acid 567
567.5	568.5	0.74	0.7	rgb(226,0,0)	amino acid 568
568.5	569.5	0.74	0.7	rgb(226,0,0)	amino acid 569
569.5	570.5	0.74	0.7	rgb(222,0,0)	amino acid 570
570.5	571.5	0.74	0.7	rgb(214,0,0)	amino acid 571
571.5	572.5	0.74	0.7	rgb(233,0,0)	amino acid 572
572.5	573.5	0.74	0.7	rgb(235,0,0)	amino acid 573
573.5	574.5	0.74	0.7	rgb(226,0,0)	amino acid 574
574.5	575.5	0.74	0.7	rgb(235,0,0)	amino acid 575
575.5	576.5	0.74	0.7	rgb(234,0,0)	amino acid 576
576.5	577.5	0.74	0.7	rgb(206,0,0)	amino acid 577
577.5	578.5	0.74	0.7	rgb(203,0,0)	amino acid 578
578.5	579.5	0.74	0.7	rgb(222,0,0)	amino acid 579
579.5	580.5	0.74	0.7	rgb(220,0,0)	amino acid 580
580.5	581.5	0.74	0.7	rgb(204,0,0)	amino acid 581
581.5	582.5	0.74	0.7	rgb(226,0,0)	amino acid 582
582.5	583.5	0.74	0.7	rgb(211,0,0)	amino acid 583
583.5	584.5	0.74	0.7	rgb(210,0,0)	amino acid 584
584.5	585.5	0.74	0.7	rgb(146,0,0)	amino acid 585
585.5	586.5	0.74	0.7	rgb(228,0,0)	amino acid 586
586.5	587.5	0.74	0.7	rgb(222,0,0)	amino acid 587
587.5	588.5	0.74	0.7	rgb(144,0,0)	amino acid 588
588.5	589.5	0.74	0.7	rgb(196,0,0)	amino acid 589
589.5	590.5	0.74	0.7	rgb(159,0,0)	amino acid 590
590.5	591.5	0.74	0.7	rgb(213,0,0)	amino acid 591
591.5	592.5	0.74	0.7	rgb(219,0,0)	amino acid 592
592.5	593.5	0.74	0.7	rgb(164,0,0)	amino acid 593
593.5	594.5	0.74	0.7	rgb(234,0,0)	amino acid 594
594.5	595.5	0.74	0.7	rgb(230,0,0)	amino acid 595
595.5	596.5	0.74	0.7	rgb(229,0,0)	amino acid 596
596.5	597.5	0.74	0.7	rgb(221,0,0)	amino acid 597
597.5	598.5	0.74	0.7	rgb(222,0,0)	amino acid 598
598.5	599.5	0.74	0.7	rgb(227,0,0)	amino acid 599
599.5	600.5	0.74	0.7	rgb(237,0,0)	amino acid 600
600.5	601.5	0.74	0.7	rgb(233,0,0)	amino acid 601
601.5	602.5	0.74	0.7	rgb(230,0,0)	amino acid 602
602.5	603.5	0.74	0.7	rgb(231,0,0)	amino acid 603
603.5	604.5	0.74	0.7	rgb(218,0,0)	amino acid 604
604.5	605.5	0.74	0.7	rgb(235,0,0)	amino acid 605
605.5	606.5	0.74	0.7	rgb(209,0,0)	amino acid 606
606.5	607.5	0.74	0.7	rgb(234,0,0)	amino acid 607
607.5	608.5	0.74	0.7	rgb(214,0,0)	amino acid 608
608.5	609.5	0.74	0.7	rgb(228,0,0)	amino acid 609
609.5	610.5	0.74	0.7	rgb(224,0,0)	amino acid 610
610.5	611.5	0.74	0.7	rgb(228,0,0)	amino acid 611
611.5	612.5	0.74	0.7	rgb(229,0,0)	amino acid 612
612.5	613.5	0.74	0.7	rgb(235,0,0)	amino acid 613
613.5	614.5	0.74	0.7	rgb(212,0,0)	amino acid 614
614.5	615.5	0.74	0.7	rgb(237,0,0)	amino acid 615
615.5	616.5	0.74	0.7	rgb(237,0,0)	amino acid 616
616.5	617.5	0.74	0.7	rgb(173,0,0)	amino acid 617
617.5	618.5	0.74	0.7	rgb(107,0,0)	amino acid 618
618.5	619.5	0.74	0.7	rgb(228,0,0)	amino acid 619
619.5	620.5	0.74	0.7	rgb(196,0,0)	amino acid 620
620.5	621.5	0.74	0.7	rgb(234,0,0)	amino acid 621
621.5	622.5	0.74	0.7	rgb(210,0,0)	amino acid 622
622.5	623.5	0.74	0.7	rgb(194,0,0)	amino acid 623
623.5	624.5	0.74	0.7	rgb(223,0,0)	amino acid 624
624.5	625.5	0.74	0.7	rgb(148,0,0)	amino acid 625
625.5	626.5	0.74	0.7	rgb(127,0,0)	amino acid 626
626.5	627.5	0.74	0.7	rgb(229,0,0)	amino acid 627
627.5	628.5	0.74	0.7	rgb(220,0,0)	amino acid 628
628.5	629.5	0.74	0.7	rgb(226,0,0)	amino acid 629
629.5	630.5	0.74	0.7	rgb(174,0,0)	amino acid 630
630.5	631.5	0.74	0.7	rgb(213,0,0)	amino acid 631
631.5	632.5	0.74	0.7	rgb(227,0,0)	amino acid 632
632.5	633.5	0.74	0.7	rgb(157,0,0)	amino acid 633
633.5	634.5	0.74	0.7	rgb(226,0,0)	amino acid 634
634.5	635.5	0.74	0.7	rgb(228,0,0)	amino acid 635
635.5	636.5	0.74	0.7	rgb(225,0,0)	amino acid 636
636.5	637.5	0.74	0.7	rgb(188,0,0)	amino acid 637
637.5	638.5	0.74	0.7	rgb(236,0,0)	amino acid 638
638.5	639.5	0.74	0.7	rgb(216,0,0)	amino acid 639
639.5	640.5	0.74	0.7	rgb(232,0,0)	amino acid 640
640.5	641.5	0.74	0.7	rgb(216,0,0)	amino acid 641
641.5	642.5	0.74	0.7	rgb(223,0,0)	amino acid 642
642.5	643.5	0.74	0.7	rgb(233,0,0)	amino acid 643
643.5	644.5	0.74	0.7	rgb(228,0,0)	amino acid 644
644.5	645.5	0.74	0.7	rgb(237,0,0)	amino acid 645
645.5	646.5	0.74	0.7	rgb(222,0,0)	amino acid 646
646.5	647.5	0.74	0.7	rgb(231,0,0)	amino acid 647
647.5	648.5	0.74	0.7	rgb(236,0,0)	amino acid 648
648.5	649.5	0.74	0.7	rgb(233,0,0)	amino acid 649
649.5	650.5	0.74	0.7	rgb(118,0,0)	amino acid 650
650.5	651.5	0.74	0.7	rgb(227,0,0)	amino acid 651
651.5	652.5	0.74	0.7	rgb(219,0,0)	amino acid 652
652.5	653.5	0.74	0.7	rgb(226,0,0)	amino acid 653
653.5	654.5	0.74	0.7	rgb(205,0,0)	amino acid 654
654.5	655.5	0.74	0.7	rgb(223,0,0)	amino acid 655
655.5	656.5	0.74	0.7	rgb(234,0,0)	amino acid 656
656.5	657.5	0.74	0.7	rgb(231,0,0)	amino acid 657
657.5	658.5	0.74	0.7	rgb(230,0,0)	amino acid 658
658.5	659.5	0.74	0.7	rgb(161,0,0)	amino acid 659
659.5	660.5	0.74	0.7	rgb(235,0,0)	amino acid 660
660.5	661.5	0.74	0.7	rgb(234,0,0)	amino acid 661
661.5	662.5	0.74	0.7	rgb(191,0,0)	amino acid 662
662.5	663.5	0.74	0.7	rgb(234,0,0)	amino acid 663
663.5	664.5	0.74	0.7	rgb(225,0,0)	amino acid 664
664.5	665.5	0.74	0.7	rgb(234,0,0)	amino acid 665
665.5	666.5	0.74	0.7	rgb(232,0,0)	amino acid 666
666.5	667.5	0.74	0.7	rgb(234,0,0)	amino acid 667
667.5	668.5	0.74	0.7	rgb(228,0,0)	amino acid 668
668.5	669.5	0.74	0.7	rgb(235,0,0)	amino acid 669
669.5	670.5	0.74	0.7	rgb(230,0,0)	amino acid 670
670.5	671.5	0.74	0.7	rgb(179,0,0)	amino acid 671
671.5	672.5	0.74	0.7	rgb(235,0,0)	amino acid 672
672.5	673.5	0.74	0.7	rgb(229,0,0)	amino acid 673
673.5	674.5	0.74	0.7	rgb(236,0,0)	amino acid 674
674.5	675.5	0.74	0.7	rgb(229,0,0)	amino acid 675
675.5	676.5	0.74	0.7	rgb(190,0,0)	amino acid 676
676.5	677.5	0.74	0.7	rgb(127,0,0)	amino acid 677
677.5	678.5	0.74	0.7	rgb(113,0,0)	amino acid 678
678.5	679.5	0.74	0.7	rgb(179,0,0)	amino acid 679
679.5	680.5	0.74	0.7	rgb(150,0,0)	amino acid 680
680.5	681.5	0.74	0.7	rgb(194,0,0)	amino acid 681
681.5	682.5	0.74	0.7	rgb(228,0,0)	amino acid 682
682.5	683.5	0.74	0.7	rgb(221,0,0)	amino acid 683
683.5	684.5	0.74	0.7	rgb(234,0,0)	amino acid 684
684.5	685.5	0.74	0.7	rgb(181,0,0)	amino acid 685
685.5	686.5	0.74	0.7	rgb(171,0,0)	amino acid 686
686.5	687.5	0.74	0.7	rgb(227,0,0)	amino acid 687
687.5	688.5	0.74	0.7	rgb(205,0,0)	amino acid 688
688.5	689.5	0.74	0.7	rgb(183,0,0)	amino acid 689
689.5	690.5	0.74	0.7	rgb(129,0,0)	amino acid 690
690.5	691.5	0.74	0.7	rgb(197,0,0)	amino acid 691
691.5	692.5	0.74	0.7	rgb(174,0,0)	amino acid 692
692.5	693.5	0.74	0.7	rgb(163,0,0)	amino acid 693
693.5	694.5	0.74	0.7	rgb(212,0,0)	amino acid 694
694.5	695.5	0.74	0.7	rgb(198,0,0)	amino acid 695
695.5	696.5	0.74	0.7	rgb(226,0,0)	amino acid 696
696.5	697.5	0.74	0.7	rgb(185,0,0)	amino acid 697
697.5	698.5	0.74	0.7	rgb(222,0,0)	amino acid 698
698.5	699.5	0.74	0.7	rgb(224,0,0)	amino acid 699
699.5	700.5	0.74	0.7	rgb(149,0,0)	amino acid 700
700.5	701.5	0.74	0.7	rgb(212,0,0)	amino acid 701
701.5	702.5	0.74	0.7	rgb(234,0,0)	amino acid 702
702.5	703.5	0.74	0.7	rgb(231,0,0)	amino acid 703
703.5	704.5	0.74	0.7	rgb(164,0,0)	amino acid 704
704.5	705.5	0.74	0.7	rgb(231,0,0)	amino acid 705
705.5	706.5	0.74	0.7	rgb(227,0,0)	amino acid 706
706.5	707.5	0.74	0.7	rgb(236,0,0)	amino acid 707
707.5	708.5	0.74	0.7	rgb(205,0,0)	amino acid 708
708.5	709.5	0.74	0.7	rgb(226,0,0)	amino acid 709
709.5	710.5	0.74	0.7	rgb(234,0,0)	amino acid 710
710.5	711.5	0.74	0.7	rgb(230,0,0)	amino acid 711
711.5	712.5	0.74	0.7	rgb(227,0,0)	amino acid 712
712.5	713.5	0.74	0.7	rgb(228,0,0)	amino acid 713
713.5	714.5	0.74	0.7	rgb(219,0,0)	amino acid 714
714.5	715.5	0.74	0.7	rgb(180,0,0)	amino acid 715
715.5	716.5	0.74	0.7	rgb(230,0,0)	amino acid 716
716.5	717.5	0.74	0.7	rgb(227,0,0)	amino acid 717
717.5	718.5	0.74	0.7	rgb(170,0,0)	amino acid 718
718.5	719.5	0.74	0.7	rgb(133,0,0)	amino acid 719
719.5	720.5	0.74	0.7	rgb(235,0,0)	amino acid 720
720.5	721.5	0.74	0.7	rgb(203,0,0)	amino acid 721
721.5	722.5	0.74	0.7	rgb(231,0,0)	amino acid 722
722.5	723.5	0.74	0.7	rgb(226,0,0)	amino acid 723
723.5	724.5	0.74	0.7	rgb(226,0,0)	amino acid 724
724.5	725.5	0.74	0.7	rgb(235,0,0)	amino acid 725
725.5	726.5	0.74	0.7	rgb(235,0,0)	amino acid 726
726.5	727.5	0.74	0.7	rgb(230,0,0)	amino acid 727
727.5	728.5	0.74	0.7	rgb(225,0,0)	amino acid 728
728.5	729.5	0.74	0.7	rgb(189,0,0)	amino acid 729
729.5	730.5	0.74	0.7	rgb(225,0,0)	amino acid 730
730.5	731.5	0.74	0.7	rgb(231,0,0)	amino acid 731
731.5	732.5	0.74	0.7	rgb(233,0,0)	amino acid 732
732.5	733.5	0.74	0.7	rgb(164,0,0)	amino acid 733
733.5	734.5	0.74	0.7	rgb(234,0,0)	amino acid 734
734.5	735.5	0.74	0.7	rgb(153,0,0)	amino acid 735
735.5	736.5	0.74	0.7	rgb(165,0,0)	amino acid 736
736.5	737.5	0.74	0.7	rgb(228,0,0)	amino acid 737
737.5	738.5	0.74	0.7	rgb(220,0,0)	amino acid 738
738.5	739.5	0.74	0.7	rgb(170,0,0)	amino acid 739
739.5	740.5	0.74	0.7	rgb(213,0,0)	amino acid 740
740.5	741.5	0.74	0.7	rgb(227,0,0)	amino acid 741
741.5	742.5	0.74	0.7	rgb(141,0,0)	amino acid 742
742.5	743.5	0.74	0.7	rgb(233,0,0)	amino acid 743
743.5	744.5	0.74	0.7	rgb(191,0,0)	amino acid 744
744.5	745.5	0.74	0.7	rgb(227,0,0)	amino acid 745
745.5	746.5	0.74	0.7	rgb(228,0,0)	amino acid 746
746.5	747.5	0.74	0.7	rgb(236,0,0)	amino acid 747
747.5	748.5	0.74	0.7	rgb(171,0,0)	amino acid 748
748.5	749.5	0.74	0.7	rgb(206,0,0)	amino acid 749
749.5	750.5	0.74	0.7	rgb(228,0,0)	amino acid 750
750.5	751.5	0.74	0.7	rgb(230,0,0)	amino acid 751
751.5	752.5	0.74	0.7	rgb(224,0,0)	amino acid 752
752.5	753.5	0.74	0.7	rgb(221,0,0)	amino acid 753
753.5	754.5	0.74	0.7	rgb(235,0,0)	amino acid 754
754.5	755.5	0.74	0.7	rgb(230,0,0)	amino acid 755
755.5	756.5	0.74	0.7	rgb(226,0,0)	amino acid 756
756.5	757.5	0.74	0.7	rgb(196,0,0)	amino acid 757
757.5	758.5	0.74	0.7	rgb(160,0,0)	amino acid 758
758.5	759.5	0.74	0.7	rgb(228,0,0)	amino acid 759
759.5	760.5	0.74	0.7	rgb(173,0,0)	amino acid 760
760.5	761.5	0.74	0.7	rgb(141,0,0)	amino acid 761
761.5	762.5	0.74	0.7	rgb(189,0,0)	amino acid 762
762.5	763.5	0.74	0.7	rgb(224,0,0)	amino acid 763
763.5	764.5	0.74	0.7	rgb(171,0,0)	amino acid 764
764.5	765.5	0.74	0.7	rgb(212,0,0)	amino acid 765
765.5	766.5	0.74	0.7	rgb(234,0,0)	amino acid 766
766.5	767.5	0.74	0.7	rgb(227,0,0)	amino acid 767
767.5	768.5	0.74	0.7	rgb(237,0,0)	amino acid 768
768.5	769.5	0.74	0.7	rgb(116,0,0)	amino acid 769
769.5	770.5	0.74	0.7	rgb(228,0,0)	amino acid 770
770.5	771.5	0.74	0.7	rgb(189,0,0)	amino acid 771
771.5	772.5	0.74	0.7	rgb(236,0,0)	amino acid 772
772.5	773.5	0.74	0.7	rgb(231,0,0)	amino acid 773
773.5	774.5	0.74	0.7	rgb(228,0,0)	amino acid 774
774.5	775.5	0.74	0.7	rgb(175,0,0)	amino acid 775
775.5	776.5	0.74	0.7	rgb(152,0,0)	amino acid 776
776.5	777.5	0.74	0.7	rgb(223,0,0)	amino acid 777
777.5	778.5	0.74	0.7	rgb(135,0,0)	amino acid 778
778.5	779.5	0.74	0.7	rgb(122,0,0)	amino acid 779
779.5	780.5	0.74	0.7	rgb(115,0,0)	amino acid 780
780.5	781.5	0.74	0.7	rgb(123,0,0)	amino acid 781
781.5	782.5	0.74	0.7	rgb(116,0,0)	amino acid 782
782.5	783.5	0.74	0.7	rgb(118,0,0)	amino acid 783
783.5	784.5	0.74	0.7	rgb(160,0,0)	amino acid 784
784.5	785.5	0.74	0.7	rgb(145,0,0)	amino acid 785
785.5	786.5	0.74	0.7	rgb(123,0,0)	amino acid 786
786.5	787.5	0.74	0.7	rgb(117,0,0)	amino acid 787
787.5	788.5	0.74	0.7	rgb(123,0,0)	amino acid 788
788.5	789.5	0.74	0.7	rgb(120,0,0)	amino acid 789
789.5	790.5	0.74	0.7	rgb(121,0,0)	amino acid 790
790.5	791.5	0.74	0.7	rgb(124,0,0)	amino acid 791
791.5	792.5	0.74	0.7	rgb(128,0,0)	amino acid 792
792.5	793.5	0.74	0.7	rgb(127,0,0)	amino acid 793
793.5	794.5	0.74	0.7	rgb(119,0,0)	amino acid 794
794.5	795.5	0.74	0.7	rgb(132,0,0)	amino acid 795
795.5	796.5	0.74	0.7	rgb(114,0,0)	amino acid 796
796.5	797.5	0.74	0.7	rgb(134,0,0)	amino acid 797
797.5	798.5	0.74	0.7	rgb(188,0,0)	amino acid 798
798.5	799.5	0.74	0.7	rgb(177,0,0)	amino acid 799
799.5	800.5	0.74	0.7	rgb(198,0,0)	amino acid 800
800.5	801.5	0.74	0.7	rgb(158,0,0)	amino acid 801
801.5	802.5	0.74	0.7	rgb(229,0,0)	amino acid 802
802.5	803.5	0.74	0.7	rgb(209,0,0)	amino acid 803
803.5	804.5	0.74	0.7	rgb(201,0,0)	amino acid 804
804.5	805.5	0.74	0.7	rgb(196,0,0)	amino acid 805
805.5	806.5	0.74	0.7	rgb(177,0,0)	amino acid 806
806.5	807.5	0.74	0.7	rgb(217,0,0)	amino acid 807
807.5	808.5	0.74	0.7	rgb(187,0,0)	amino acid 808
808.5	809.5	0.74	0.7	rgb(226,0,0)	amino acid 809
809.5	810.5	0.74	0.7	rgb(230,0,0)	amino acid 810
810.5	811.5	0.74	0.7	rgb(216,0,0)	amino acid 811
811.5	812.5	0.74	0.7	rgb(227,0,0)	amino acid 812
812.5	813.5	0.74	0.7	rgb(193,0,0)	amino acid 813
813.5	814.5	0.74	0.7	rgb(226,0,0)	amino acid 814
814.5	815.5	0.74	0.7	rgb(222,0,0)	amino acid 815
815.5	816.5	0.74	0.7	rgb(214,0,0)	amino acid 816
816.5	817.5	0.74	0.7	rgb(230,0,0)	amino acid 817
817.5	818.5	0.74	0.7	rgb(211,0,0)	amino acid 818
818.5	819.5	0.74	0.7	rgb(236,0,0)	amino acid 819
819.5	820.5	0.74	0.7	rgb(199,0,0)	amino acid 820
820.5	821.5	0.74	0.7	rgb(235,0,0)	amino acid 821
821.5	822.5	0.74	0.7	rgb(211,0,0)	amino acid 822
822.5	823.5	0.74	0.7	rgb(228,0,0)	amino acid 823
823.5	824.5	0.74	0.7	rgb(217,0,0)	amino acid 824
824.5	825.5	0.74	0.7	rgb(234,0,0)	amino acid 825
825.5	826.5	0.74	0.7	rgb(107,0,0)	amino acid 826
826.5	827.5	0.74	0.7	rgb(205,0,0)	amino acid 827
827.5	828.5	0.74	0.7	rgb(68,0,0)	amino acid 828
828.5	829.5	0.74	0.7	rgb(210,0,0)	amino acid 829
829.5	830.5	0.74	0.7	rgb(136,0,0)	amino acid 830
830.5	831.5	0.74	0.7	rgb(114,0,0)	amino acid 831
831.5	832.5	0.74	0.7	rgb(205,0,0)	amino acid 832
832.5	833.5	0.74	0.7	rgb(209,0,0)	amino acid 833
833.5	834.5	0.74	0.7	rgb(169,0,0)	amino acid 834
834.5	835.5	0.74	0.7	rgb(106,0,0)	amino acid 835
835.5	836.5	0.74	0.7	rgb(196,0,0)	amino acid 836
836.5	837.5	0.74	0.7	rgb(206,0,0)	amino acid 837
837.5	838.5	0.74	0.7	rgb(118,0,0)	amino acid 838
838.5	839.5	0.74	0.7	rgb(118,0,0)	amino acid 839
839.5	840.5	0.74	0.7	rgb(204,0,0)	amino acid 840
840.5	841.5	0.74	0.7	rgb(163,0,0)	amino acid 841
841.5	842.5	0.74	0.7	rgb(82,0,0)	amino acid 842
842.5	843.5	0.74	0.7	rgb(209,0,0)	amino acid 843
843.5	844.5	0.74	0.7	rgb(93,0,0)	amino acid 844
844.5	845.5	0.74	0.7	rgb(202,0,0)	amino acid 845
845.5	846.5	0.74	0.7	rgb(203,0,0)	amino acid 846
846.5	847.5	0.74	0.7	rgb(193,0,0)	amino acid 847
847.5	848.5	0.74	0.7	rgb(138,0,0)	amino acid 848
848.5	849.5	0.74	0.7	rgb(97,0,0)	amino acid 849
849.5	850.5	0.74	0.7	rgb(89,0,0)	amino acid 850
850.5	851.5	0.74	0.7	rgb(171,0,0)	amino acid 851
851.5	852.5	0.74	0.7	rgb(101,0,0)	amino acid 852
852.5	853.5	0.74	0.7	rgb(216,0,0)	amino acid 853
853.5	854.5	0.74	0.7	rgb(116,0,0)	amino acid 854
854.5	855.5	0.74	0.7	rgb(221,0,0)	amino acid 855
855.5	856.5	0.74	0.7	rgb(180,0,0)	amino acid 856
856.5	857.5	0.74	0.7	rgb(205,0,0)	amino acid 857
857.5	858.5	0.74	0.7	rgb(208,0,0)	amino acid 858
858.5	859.5	0.74	0.7	rgb(208,0,0)	amino acid 859
859.5	860.5	0.74	0.7	rgb(226,0,0)	amino acid 860
860.5	861.5	0.74	0.7	rgb(221,0,0)	amino acid 861
861.5	862.5	0.74	0.7	rgb(223,0,0)	amino acid 862
862.5	863.5	0.74	0.7	rgb(192,0,0)	amino acid 863
863.5	864.5	0.74	0.7	rgb(197,0,0)	amino acid 864
864.5	865.5	0.74	0.7	rgb(172,0,0)	amino acid 865
865.5	866.5	0.74	0.7	rgb(135,0,0)	amino acid 866
866.5	867.5	0.74	0.7	rgb(74,0,0)	amino acid 867
867.5	868.5	0.74	0.7	rgb(116,0,0)	amino acid 868
868.5	869.5	0.74	0.7	rgb(186,0,0)	amino acid 869
869.5	870.5	0.74	0.7	rgb(128,0,0)	amino acid 870
870.5	871.5	0.74	0.7	rgb(193,0,0)	amino acid 871
871.5	872.5	0.74	0.7	rgb(74,0,0)	amino acid 872
872.5	873.5	0.74	0.7	rgb(207,0,0)	amino acid 873
873.5	874.5	0.74	0.7	rgb(143,0,0)	amino acid 874
874.5	875.5	0.74	0.7	rgb(76,0,0)	amino acid 875
875.5	876.5	0.74	0.7	rgb(151,0,0)	amino acid 876
876.5	877.5	0.74	0.7	rgb(71,0,0)	amino acid 877
877.5	878.5	0.74	0.7	rgb(212,0,0)	amino acid 878
878.5	879.5	0.74	0.7	rgb(66,0,0)	amino acid 879
879.5	880.5	0.74	0.7	rgb(154,0,0)	amino acid 880
880.5	881.5	0.74	0.7	rgb(72,0,0)	amino acid 881
881.5	882.5	0.74	0.7	rgb(158,0,0)	amino acid 882
882.5	883.5	0.74	0.7	rgb(184,0,0)	amino acid 883
883.5	884.5	0.74	0.7	rgb(116,0,0)	amino acid 884
884.5	885.5	0.74	0.7	rgb(148,0,0)	amino acid 885
885.5	886.5	0.74	0.7	rgb(89,0,0)	amino acid 886
886.5	887.5	0.74	0.7	rgb(129,0,0)	amino acid 887
887.5	888.5	0.74	0.7	rgb(112,0,0)	amino acid 888
888.5	889.5	0.74	0.7	rgb(122,0,0)	amino acid 889
889.5	890.5	0.74	0.7	rgb(145,0,0)	amino acid 890
890.5	891.5	0.74	0.7	rgb(98,0,0)	amino acid 891
891.5	892.5	0.74	0.7	rgb(71,0,0)	amino acid 892
892.5	893.5	0.74	0.7	rgb(86,0,0)	amino acid 893
893.5	894.5	0.74	0.7	rgb(91,0,0)	amino acid 894
894.5	895.5	0.74	0.7	rgb(121,0,0)	amino acid 895
895.5	896.5	0.74	0.7	rgb(65,0,0)	amino acid 896
896.5	897.5	0.74	0.7	rgb(74,0,0)	amino acid 897
897.5	898.5	0.74	0.7	rgb(100,0,0)	amino acid 898
898.5	899.5	0.74	0.7	rgb(157,0,0)	amino acid 899
899.5	900.5	0.74	0.7	rgb(68,0,0)	amino acid 900
900.5	901.5	0.74	0.7	rgb(173,0,0)	amino acid 901
901.5	902.5	0.74	0.7	rgb(120,0,0)	amino acid 902
902.5	903.5	0.74	0.7	rgb(99,0,0)	amino acid 903
903.5	904.5	0.74	0.7	rgb(187,0,0)	amino acid 904
904.5	905.5	0.74	0.7	rgb(143,0,0)	amino acid 905
905.5	906.5	0.74	0.7	rgb(189,0,0)	amino acid 906
906.5	907.5	0.74	0.7	rgb(164,0,0)	amino acid 907
907.5	908.5	0.74	0.7	rgb(214,0,0)	amino acid 908
908.5	909.5	0.74	0.7	rgb(172,0,0)	amino acid 909
909.5	910.5	0.74	0.7	rgb(81,0,0)	amino acid 910
910.5	911.5	0.74	0.7	rgb(87,0,0)	amino acid 911
911.5	912.5	0.74	0.7	rgb(84,0,0)	amino acid 912
912.5	913.5	0.74	0.7	rgb(204,0,0)	amino acid 913
913.5	914.5	0.74	0.7	rgb(86,0,0)	amino acid 914
914.5	915.5	0.74	0.7	rgb(90,0,0)	amino acid 915
915.5	916.5	0.74	0.7	rgb(198,0,0)	amino acid 916
916.5	917.5	0.74	0.7	rgb(112,0,0)	amino acid 917
917.5	918.5	0.74	0.7	rgb(73,0,0)	amino acid 918
918.5	919.5	0.74	0.7	rgb(205,0,0)	amino acid 919
919.5	920.5	0.74	0.7	rgb(201,0,0)	amino acid 920
920.5	921.5	0.74	0.7	rgb(86,0,0)	amino acid 921
921.5	922.5	0.74	0.7	rgb(130,0,0)	amino acid 922
922.5	923.5	0.74	0.7	rgb(95,0,0)	amino acid 923
923.5	924.5	0.74	0.7	rgb(107,0,0)	amino acid 924
924.5	925.5	0.74	0.7	rgb(115,0,0)	amino acid 925
925.5	926.5	0.74	0.7	rgb(191,0,0)	amino acid 926
926.5	927.5	0.74	0.7	rgb(146,0,0)	amino acid 927
927.5	928.5	0.74	0.7	rgb(207,0,0)	amino acid 928
928.5	929.5	0.74	0.7	rgb(91,0,0)	amino acid 929
929.5	930.5	0.74	0.7	rgb(70,0,0)	amino acid 930
930.5	931.5	0.74	0.7	rgb(142,0,0)	amino acid 931
931.5	932.5	0.74	0.7	rgb(131,0,0)	amino acid 932
932.5	933.5	0.74	0.7	rgb(153,0,0)	amino acid 933
933.5	934.5	0.74	0.7	rgb(177,0,0)	amino acid 934
934.5	935.5	0.74	0.7	rgb(192,0,0)	amino acid 935
935.5	936.5	0.74	0.7	rgb(64,0,0)	amino acid 936
936.5	937.5	0.74	0.7	rgb(185,0,0)	amino acid 937
937.5	938.5	0.74	0.7	rgb(56,0,0)	amino acid 938
938.5	939.5	0.74	0.7	rgb(107,0,0)	amino acid 939
939.5	940.5	0.74	0.7	rgb(127,0,0)	amino acid 940
940.5	941.5	0.74	0.7	rgb(176,0,0)	amino acid 941
941.5	942.5	0.74	0.7	rgb(73,0,0)	amino acid 942
942.5	943.5	0.74	0.7	rgb(157,0,0)	amino acid 943
943.5	944.5	0.74	0.7	rgb(135,0,0)	amino acid 944
944.5	945.5	0.74	0.7	rgb(140,0,0)	amino acid 945
945.5	946.5	0.74	0.7	rgb(107,0,0)	amino acid 946
946.5	947.5	0.74	0.7	rgb(200,0,0)	amino acid 947
947.5	948.5	0.74	0.7	rgb(71,0,0)	amino acid 948
948.5	949.5	0.74	0.7	rgb(170,0,0)	amino acid 949
949.5	950.5	0.74	0.7	rgb(121,0,0)	amino acid 950
950.5	951.5	0.74	0.7	rgb(214,0,0)	amino acid 951
951.5	952.5	0.74	0.7	rgb(54,0,0)	amino acid 952